30×11 DataFrame
 Row │ n      len    exp      ref     nodes  edges  comps  loops  deg2   tips   clean
     │ Int64  Int64  Float64  String  Int64  Int64  Int64  Int64  Int64  Int64  Bool
─────┼────────────────────────────────────────────────────────────────────────────────
   1 │  2000     14      0.2  DB05       26     29      1      4     11      5  false
   2 │  2000     16      0.3  DB05       25     28      1      4     17      2  false
   3 │  2000     16      0.2  DB05       26     28      1      3     15      4  false
   4 │  2000     16      0.4  DB05       25     27      1      3     15      3  false
   5 │  2000     14      0.5  DB05       24     25      1      2     12      6  false
   6 │  2000     16      0.5  DB05       25     26      1      2     16      4  false
   7 │  2000     10      0.2  FEB10      13     13      1      1      9      2  false
   8 │  2000     10      0.2  FEB20      14     14      1      1     10      2  false
   9 │  2000     10      0.2  DB05       14     14      1      1     10      2  false
  10 │  2000     10      0.2  DB08       14     14      1      1     10      2  false
  11 │  2000     10      0.3  FEB10      12     12      1      1      8      2  false
  12 │  2000     10      0.3  FEB20      14     14      1      1     10      2  false
  13 │  2000     10      0.3  DB05       16     16      1      1      8      4  false
  14 │  2000     10      0.3  DB08       14     14      1      1     10      2  false
  15 │  2000     10      0.4  FEB10      12     12      1      1      8      2  false
  16 │  2000     10      0.4  FEB20      13     13      1      1      9      2  false
  17 │  2000     10      0.4  DB05       15     15      1      1      9      3  false
  18 │  2000     10      0.4  DB08       14     14      1      1     10      2  false
  19 │  2000     10      0.5  FEB10      12     12      1      1      8      2  false
  20 │  2000     10      0.5  FEB20      12     12      1      1      8      2  false
  21 │  2000     10      0.5  DB05       14     14      1      1      7      4  false
  22 │  2000     10      0.5  DB08       12     12      1      1      8      2  false
  23 │  2000     12      0.2  FEB10      16     16      1      1     12      2  false
  24 │  2000     12      0.2  FEB20      16     16      1      1     12      2  false
  25 │  2000     12      0.2  DB05       18     17      2      1     11      3  false
  26 │  2000     12      0.2  DB08       16     16      1      1     12      2  false
  27 │  2000     12      0.3  FEB10      16     16      1      1     12      2  false
  28 │  2000     12      0.3  FEB20      16     16      1      1     12      2  false
  29 │  2000     12      0.3  DB05       17     17      1      1     11      3  false
  30 │  2000     12      0.3  DB08       16     16      1      1     12      2  false